69530
12403
92938
233
119797
10115
31114
104517
55819
58361
16216
28316
110197
86220
38842
97904
88493
77346
1275
77128
74601
20150
119507
44062
28460
41517
19746
65772
62070
36473
112823
432
50570
100950
17691
42378
36068
25402
84849
68699
90212
110750
39011
75003
39366
46397
110002
12160
71156
2313
106846
78639
17953
32084
15440
106497
39657
116031
80464
92382
118027
99651
104441
75448
11571
71146
74846
77612
86670
96474
112125
93664
58854
51710
20956
57092
96394
85368
63845
14694
32074
44113
87492
54628
107783
13911
73184
97926
101375
79698
66761
30971
59557
116794
15575
81096
14044
94824
111099
100480
17110
94387
106600
88111
18328
16564
89385
47039
20105
107155
71380
22988
53411
84706
72304
21803
102152
101747
83014
107605
45814
1224
72482
82300
108821
1766
107408
80386
38098
54758
91487
88487
33585
99725
8324
80206
40211
20018
76365
30338
89782
91300
67155
54447
45811
29977
73909
53806
79030
114733
106565
5196
3702
55285
86460
40280
100365
77624
37858
73015
92808
94458
100532
37138
36362
101950
9499
85036
86651
41148
20982
63926
11482
90460
10133
23125
84798
5301
100215
44249
73263
79878
948
36378
113065
59432
84170
41924
21089
88250
111259
44515
65043
13475
57938
40715
114568
118245
12475
43081
114088
100343
8206
15148
87417
16316
79533
24424
3889
66729
106653
54824
52533
76746
79579
94283
70895
95675
83636
63928
100015
116426
2069
46964
46414
116207
38902
116095
11247
6391
112633
103916
118965
56728
104785
45635
71313
5266
98961
78641
4974
60568
87471
86076
33869
5429
3531
62655
30196
61558
37665
2152
71512
56287
113482
9661
17410
97982
88829
50696
5189
39120
35801
6935
25195
28809
37441
271
105191
98598
63236
31339
16464
113783
89079
16478
11649
60282
36610
23725
85969
41843
101582
49537
101427
98783
114183
83562
20024
13899
93621
52874
110064
13328
87350
36037
34392
5438
41546
25993
13472
2275
74429
21172
98904
54431
73870
428
4584
76462
95904
116642
43534
118814
55212
58089
102913
5604
106309
72170
70507
7093
11801
61701
86070
82410
105756
91574
3641
105764
54168
22477
117966
30972
26479
4301
12613
111172
55644
35357
55354
100237
43210
16724
89103
11327
75945
118309
20210
67541
108427
67337
94644
28848
89018
58181
43821
114188
73516
97614
102692
113334
12721
60710
99489
69936
111805
29317
42502
19493
49862
50853
39749
21415
28979
77962
27173
19057
20543
108054
13767
4470
68028
45604
106327
98835
116059
1506
42811
14014
112244
25268
108920
45964
106524
61229
57856
105883
17836
112986
102171
67537
2323
27183
92465
79279
21958
74309
95471
90867
14373
36216
15289
108517
74373
84597
43561
104970
94097
107348
15477
72776
8523
89787
88708
37591
29456
104881
57362
29210
72148
87242
22086
61264
112789
29666
108948
66866
107052
66418
22589
60288
6288
109079
25040
43156
80455
29216
73393
42019
94376
66835
32011
83883
108172
11870
14571
107919
88606
87226
96056
63147
33734
321
94722
78465
72865
84429
73595
42155
4139
43567
87107
32267
48426
48830
13078
6389
112904
76661
776
83975
19787
18255
69751
110009
82453
77877
105335
25881
70972
89649
37063
54523
67169
26792
114641
5665
112928
81952
90011
72632
84178
110933
50615
68665
73563
26137
75423
75964
63548
17936
93850
38977
111627
95410
93200
108986
83047
29243
21701
92788
107177
50379
54349
13946
110667
116217
70906
69324
28140
57168
16670
67440
52158
89403
105754
76413
50413
60717
62853
29378
102240
45205
108610
44254
113319
85871
26514
23867
99865
85790
21611
13601
40996
35787
19975
19567
11052
60158
79280
68342
104284
81583
13717
76899
58172
57313
57956
55932
45389
118516
48633
56833
71794
277
40263
44407
27302
103096
37711
17480
52572
28698
104512
105122
86008
9119
90516
102912
110766
117791
84455
50371
35897
88726
71213
39312
74637
1421
6508
34312
34279
20638
29986
37013
65996
72098
111800
86058
61516
43341
84617
23630
114178
85165
23712
81163
52780
51801
108378
69982
105278
61495
78425
108910
38498
37065
13055
6562
100929
18998
105319
23309
62605
22747
7583
62222
80651
114494
5934
78545
77249
95330
15579
102840
113830
101681
1728
18891
26676
97794
49964
46132
41786
116263
84765
93504
22079
43225
55906
10048
119672
59880
56645
9319
76271
44686
43052
48486
41188
119010
31608
83000
14111
67957
79059
88199
104784
30532
73166
89969
30916
90063
91446
103605
116752
76078
41718
7072
21763
33405
6893
21598
57370
40739
5788
115155
88399
75255
84747
102159
85401
118038
117925
21437
60363
18929
87862
80414
107466
357
14342
72671
48141
5316
76018
39677
11883
6219
83497
63490
117376
76190
35166
40225
77134
7735
45511
84285
4543
5644
1424
116149
19661
79417
33629
98880
47988
26983
108026
114735
98852
5052
58578
22377
118786
25607
32704
59059
108333
93244
25891
102851
58591
45070
53933
83739
70711
60140
29740
98242
83664
8892
109686
83291
36035
93021
18507
95739
75840
53328
19020
4574
111795
90547
40839
38540
43961
102205
112575
86000
26956
33850
2642
95954
40613
45807
48536
38057
20602
107667
97800
89952
50083
113748
831
64468
64786
42537
102641
88484
37148
90763
58446
99415
92628
64177
98372
2353
6859
41428
13907
43414
1667
108770
69696
22327
8950
97979
119542
15430
18448
94341
109214
78168
17274
74596
104431
24312
92035
43047
82681
113401
57844
57067
33656
28393
65796
7713
90389
29295
65202
25795
40107
52703
60578
3300
83255
8422
45085
57093
30985
69601
916
86392
56148
33220
36445
10887
27634
107691
102294
10511
108209
109503
77049
20891
21324
48597
42782
104827
94390
115346
106943
75714
7780
40398
46755
11060
14440
113189
85675
44915
85154
54137
78528
44724
105004
29927
72731
1105
90139
46222
24932
27715
87777
85311
10853
88996
22116
20375
116803
38813
17404
7557
28983
111054
52252
18374
29649
84569
18869
13272
89158
64175
44895
79598
46932
107324
18553
17407
90557
110284
63677
27514
23575
111957
107135
101122
81008
33315
54059
53150
93427
116290
90122
119026
43922
16539
90642
100209
70
99402
116541
8980
63842
118935
40958
104375
42322
82102
41818
1763
76125
101951
58469
101051
76430
58784
48339
78471
76146
108018
7662
51446
98666
73770
64346
29755
50892
96153
15488
75499
95084
46327
679
83597
85775
10628
6824
101733
100322
178
18406
28901
61975
7765
103537
82539
69328
77610
89662
48778
99261
85748
40262
73325
118996
35413
78668
61504
55340
98650
47726
74236
61547
104652
100515
5031
110164
9048
37604
40268
46323
58662
13125
104677
33695
34283
24742
86384
11903
25832
3316
102718
103485
90677
99491
35017
112377
4857
97434
40284
36160
30140
33257
10818
46950
45329
81172
87616
111995
81833
21223
2352
66504
60824
93546
103310
87915
3113
109850
54299
30001
7985
88616
13920
81516
58282
5675
68238
97440
77280
110121
119742
19718
56082
32446
30363
72519
21074
77993
55667
101769
87458
44862
36859
116567
19647
103628
96909
100696
82058
1529
50841
4646
116004
92580
29605
70203
30492
68833
97740
82809
65085
112490
70299
102604
17335
13593
70028
116911
88819
108511
38539
88519
92609
78467
83404
106954
104251
42813
31698
104788
48732
38303
32972
3769
106901
41849
85093
107690
61333
109408
16199
68320
1801
51381
47155
2051
113200
69799
7942
91955
61025
75264
114950
76854
59999
88082
26566
34476
78076
61582
60093
21308
22213
8648
76881
26712
117007
118110
112041
33
30914
4103
100675
27333
119450
35728
36281
105647
115355
13673
116835
40985
87213
101696
74988
3527
115550
62067
14118
37212
5406
77555
62954
51479
107542
54538
103385
60028
81690
80139
32241
77947
51520
37485
106678
76320
67970
39540
64180
96598
49859
82760
14623
11897
45455
113369
25308
58979
117020
89108
23394
108574
9707
54622
40357
107538
110830
36540
42786
112454
77602
5726
59724
76839
80677
74842
77992
45958
54087
50669
6891
45007
23539
16204
29808
46426
25425
115901
18375
67313
83320
16220
14266
104340
107
39047
97660
59490
27432
30048
100920
27864
8381
71219
117794
7541
105710
28496
99932
8174
111530
69493
108879
43901
102230
92718
5951
31866
22483
38567
35793
59689
58133
94095
102891
21460
40766
27054
45689
20827
92494
39856
84382
11924
48994
76375
12936
73718
34735
7560
14474
117902
119018
62376
49903
49833
79453
11682
91334
51929
103947
74377
22436
33980
97524
27377
28919
95816
26617
73389
50257
108143
64722
903
114536
11055
8287
15876
87732
52047
58722
25230
118268
67852
11806
32415
87177
99048
72481
51025
19001
88986
44276
95494
112503
90333
27624
74079
108055
54421
34040
101115
117387
108300
57220
24553
96989
27519
60963
86639
113693
106845
44401
56791
32404
17422
118907
5580
12989
79529
63740
38019
100876
9495
100825
45345
48499
109400
79146
44143
96577
24195
8723
8744
42754
81445
87397
43193
88895
66049
10789
6159
54338
108380
201
50692
21068
31656
17509
71612
105589
8483
118909
87307
22496
15198
118275
86354
20752
78937
112329
9898
19622
94328
48788
99369
40669
94588
113767
10308
118832
29030
87170
107684
104515
101025
259
95439
32646
93084
37132
38675
113261
15890
50061
26082
118874
116612
33987
118198
94592
31277
36328
101367
57657
116103
46965
73435
42652
76366
110327
79269
31538
28499
47609
54302
55681
94011
30304
53969
40333
98560
51357
97127
58832
10078
5375
52465
48143
101065
27178
81771
101087
83877
80722
43949
31797
27355
17937
105803
26437
25926
105360
16498
80773
104856
66543
67758
6034
80928
117038
34813
90294
38293
5135
115634
86436
82522
82227
14956
57772
7145
52155
20792
19763
48046
28908
93528
84466
44450
1614
101117
13836
85529
52815
68053
2593
54377
104746
106124
77552
35639
91204
110798
95584
42472
43905
92922
62389
10245
43912
5385
62669
65929
55635
43470
51828
100320
17250
36725
117443
43587
72904
96457
103463
42683
38277
64085
74120
80088
65551
38024
94462
87632
12641
37282
92790
36733
18019
26364
7026
56417
1685
1627
110693
45375
95844
50416
85483
57504
76522
1809
86593
14664
115473
35349
101453
104444
39568
69824
87715
80271
42767
113621
68368
26998
93413
25213
76230
36609
7816
55415
27589
117217
58558
29201
11969
83287
66732
37601
106080
46888
63569
83237
104316
90819
94371
14992
47771
55680
58117
96714
7602
73127
87173
72388
44574
117237
23082
58205
66085
21947
26255
15076
72365
24293
22560
45024
92064
28413
104406
11418
12099
105527
59502
38886
107703
117177
53358
106267
78342
29722
64913
102512
102956
103635
106464
60055
10001
91602
25827
780
83292
93977
24838
95852
50295
9159
114761
42574
18810
87991
36143
14976
3603
80642
38235
28926
62113
78913
26429
105026
71832
117889
82606
113534
71150
17421
76017
63257
63137
41785
87815
73908
91999
50057
91282
84608
115935
108063
105588
34141
118538
57710
27600
27724
111690
42120
446
100259
2885
96949
88534
25518
31432
97007
93991
12080
11983
85195
109467
83599
82494
54672
3009
67326
78367
89276
45487
6422
40049
14951
1511
93174
88030
64409
78459
43702
91016
77660
9988
57477
103995
37292
45369
10387
2508
105913
21617
93438
20280
53588
55565
16586
53425
78828
25160
37945
5564
27822
61280
119988
17453
72327
104405
14351
37228
15177
76478
15957
8369
36296
15009
37715
109433
86619
50120
32790
117867
113549
129
51036
72042
112210
105329
69909
16934
91776
103818
78553
70078
23325
20476
71983
59958
19813
33334
50925
65245
101787
33263
75048
103198
75315
80322
50699
46338
59353
92126
51562
62740
61241
16367
82976
80281
93012
30719
110984
42800
8986
30152
91639
83525
99064
71678
43880
51160
67787
11916
35444
71290
108536
4698
49180
19376
96345
85584
21970
40137
86648
10877
78483
101085
95059
78983
74854
60257
35351
38193
45458
90342
108430
87735
90061
31720
61456
25686
115364
5214
3993
58546
103419
78878
74748
35261
59393
115848
14353
42211
102268
33907
88168
27970
28070
79745
88704
111836
16784
64011
33844
66709
98286
65097
66079
105355
27239
80272
101420
38538
94229
41535
110484
86005
58904
54221
32956
91098
117965
37982
68988
112178
97700
69588
1483
106598
6711
62904
77008
28437
70958
49566
64440
20642
3857
111026
85229
46509
28002
114078
88647
119391
36806
112981
7720
15773
17835
114648
108648
100799
35847
15953
29840
395
71062
97989
64397
117638
94560
19882
71281
1642
103089
93251
106510
62161
52435
35424
14564
81400
52328
102623
29109
1893
93994
6754
113461
81500
103336
28842
114486
84258
7363
94846
89937
1317
51573
15429
87373
66389
87932
41948
52456
3278
26724
61681
100328
4408
53608
87000
94525
111196
60119
99130
60017
75039
83261
50964
65846
16111
44780
110968
27987
85761
64998
114358
71144
12427
113337
59609
39260
20520
54210
18116
66409
56969
115248
32337
7973
106828
102197
61716
43733
41275
46620
27437
95448
41450
36761
90093
69780
13991
3763
70852
41713
69978
71842
44544
95592
10367
11433
74833
68858
29477
7033
59220
30829
58482
2966
39506
89471
89247
1056
29375
113703
75994
88801
90491
60111
108239
72413
109952
77495
47544
60216
109732
57297
10149
41115
73856
52870
9380
75681
64454
2146
96311
18634
78619
71806
113226
91136
48746
112921
95371
32543
41834
8139
45624
27901
100178
15816
25652
71954
88207
75136
4859
41327
38990
110378
114219
5801
23493
83277
109384
94690
14849
37987
63485
60076
78328
31558
30542
80339
7753
59407
111587
65737
64333
46835
104370
58026
40600
28750
64169
64961
118488
63706
61845
79086
64854
35946
7958
16198
106859
104144
37724
50553
85388
116253
10588
99779
47765
119273
47571
104903
21682
23700
87053
41224
9875
42475
101719
11480
102971
43728
54093
80381
72211
64392
53468
63221
95730
15618
73627
113514
4785
87963
73023
51591
35285
86949
93709
69239
29832
100031
52280
19977
70061
26194
68418
49953
85146
34069
4252
58193
5888
12167
3820
86757
1716
98350
21101
87600
46666
32894
79176
78053
50171
29753
110324
32581
25229
52048
72586
88771
4066
44843
31138
33977
89149
36925
30804
16274
25433
89720
76644
89633
62381
112010
17209
94034
111779
65000
43466
56457
23050
70031
76753
39981
72680
102134
57020
83296
81554
33203
76679
26552
6692
95860
46992
40700
1223
111649
8389
96814
97654
7678
49469
5624
75121
76090
110827
1940
10054
9473
3211
36114
75119
7067
24060
8876
4984
86169
108587
70935
42876
78212
86901
38478
111487
90988
74365
9623
119459
91795
51557
78519
74066
36911
118026
63856
74744
92680
47460
35459
84418
105986
115714
4283
8094
115618
100667
14715
46235
23080
50795
39712
8855
94516
85976
32888
85963
108781
82252
84886
36875
18059
107065
31448
117057
98851
115574
67716
39013
66112
17621
83425
109032
56189
65379
19877
91973
41832
85026
41438
39543
107687
10790
10147
18683
27424
24081
67090
34304
3317
92558
107208
68324
89546
82848
110712
71779
106240
81151
115939
49197
22400
73159
107880
12934
27360
3477
37557
51996
30808
88006
13066
45495
59582
16540
36913
13433
54949
114912
115082
78060
3836
65765
8943
69771
105680
37416
108745
2237
39030
105799
84689
98228
71604
77599
87509
64119
43790
11654
94502
50373
16851
114581
35336
14743
5995
38502
117717
50201
79364
99721
75566
110568
56979
52235
45342
12766
18412
107511
86268
24661
13052
109466
26341
103866
109710
105617
89109
108694
94346
37184
44297
106705
81801
68847
103510
93646
1497
93980
11296
96923
15309
7449
27278
60185
7856
12441
74130
41632
107172
61596
12183
15002
49365
42978
101264
71153
52282
11652
8115
112504
112011
95549
90383
40375
3360
58213
98361
73758
101100
73885
91638
78575
51792
26813
60390
55071
65456
118161
33453
78569
100197
68543
59652
93824
784
111194
57767
23461
51482
22750
39570
67797
37950
111386
94648
3760
83772
16998
8374
5535
25376
73121
9675
50461
45310
41029
37168
99647
67467
64603
115731
59112
93129
29599
46649
11151
93213
21920
46014
97967
108105
28042
77159
12263
30771
104385
119678
70933
38601
9152
79328
17427
70058
114493
110506
61303
48873
98931
109611
109440
9609
112729
103021
65380
63473
23682
46613
80901
4739
75201
27829
83005
11225
58814
12975
7743
95842
22325
906
78701
77180
66622
25325
10560
7691
61036
74870
22152
9435
43353
30210
73067
107731
7621
44419
59430
32
93981
107460
78598
4178
60252
52960
68682
61517
50731
27527
3481
54334
53330
31804
5613
89327
119843
11849
31933
37450
90973
73572
96390
87160
106268
77409
87667
81494
96629
92818
90711
97217
92625
30175
13431
61227
96472
13661
11703
73456
22072
31267
26397
76058
60653
32066
30285
90336
11179
93599
52876
36873
86929
23182
116145
27332
48922
42312
14090
3840
99281
40233
6091
38894
45337
49301
35746
32136
53339
42694
74360
114314
50793
28844
33748
12171
43365
38777
100386
19934
26808
35037
62934
7859
43735
94344
22887
65346
82811
717
117103
53848
24761
2150
13527
33899
60880
55914
80136
22323
30900
118111
107423
11420
114775
8285
77975
63195
20727
90464
93339
31279
1357
53605
39739
17127
39156
26749
22041
14201
29900
21969
34400
73515
99373
99642
110206
116418
10696
12703
52719
27811
27646
83958
84472
77130
72506
24950
18458
78514
90765
76535
77002
104952
26037
108976
60596
110254
29439
105747
41754
20718
9822
101323
12954
86954
340
58401
84240
2927
44157
54643
115231
108085
104226
15462
58516
102646
51619
17783
38905
74251
94675
97822
78036
74876
59532
11424
76524
79964
38811
28656
39117
45286
33165
36979
11783
31327
99180
94265
32525
6046
51754
62336
61703
77678
17032
57737
24263
2894
107066
97119
51138
7550
115525
114045
91379
87520
3105
59797
111890
75190
19173
103902
7070
43462
95010
23150
102017
41902
23240
20152
4403
42176
4238
65967
110793
108551
19427
3762
93495
56310
14081
37931
110749
7879
66395
40157
74685
95747
3259
23872
39467
2910
98897
106976
39057
17043
47169
59366
22386
73566
38219
36664
13868
88222
65318
28338
98176
22694
12584
8783
94436
36011
63457
100350
30341
71193
31088
90346
116259
77570
49259
113764
1002
33777
108195
17713
26160
49610
56838
115260
28073
85394
52674
111206
10670
35350
65576
6577
113281
65899
89027
93612
18090
108662
41466
62245
77704
25704
101312
2739
86061
117204
61610
17562
70312
71947
8793
39051
16231
57665
42216
98993
90966
72378
83550
38188
108729
41446
86275
7587
36149
21237
118863
89555
94096
101005
79094
2645
77743
110015
16529
7084
91986
79636
25743
67547
91841
91504
116842
26266
52163
46495
26040
35446
97616
102507
53801
22078
96309
67835
22690
50401
18836
93309
22562
110903
47220
71840
66058
39991
112598
105581
118385
35006
77879
34802
74572
39279
2979
105411
52136
102108
95467
6056
113718
83568
18096
18290
15511
7061
489
27858
110779
67236
103163
118232
52333
102288
24579
62559
50852
76910
45902
107718
108503
14877
95769
45420
68562
97694
2009
56058
37471
70359
73150
42026
63535
116378
56018
63983
17328
85490
107650
26604
34582
48851
61122
41649
95049
24024
98664
69358
49116
32155
103823
84852
91745
15288
51278
113502
110642
27791
28743
84840
10180
40029
106697
46355
17512
104492
55940
119498
27861
97454
4471
52524
16293
1215
98214
24059
113915
83495
63492
7992
21811
69906
4680
31476
54747
64576
41634
49104
110739
14196
106470
114408
16631
101537
55041
79437
23294
